141592
6535897
932384
626
433832
7950288419
716939
9375105
820974
94459230
78164
062862
0
899
8
6280348
2
534211
7067982
1480865
13282306
647
938446
095505
82231
725359
40
812848
11
174502
84
102701
9385
211055
5964462
294895
493038
196442
8810975
665933
4461284
7564823
378678
31652712
19091
456485
66923460
348610
4543266
482133
9360726
024914
12737
245870
066063
155881
748815
209209
6282925
409171
5364367
892590
3600113
305305
4882046
652138
4146951
941511
6094330
572703
65759591
953092
18611738
193261
179310511
854807
4462379
962749
5673518
857527
2489122
793818
3011949
129833
6733624
406566
430860
213949
463952
247371
907021
798609
437027
705392
1717629
317675
2384674
818467
6694051
089171
4561202
491730
0437993
499942
0658663
798578
7346060
480619
2281194
643315
6292568
671087
9697123
496236
4061937
388112
1802073
791598
1801097
590801
1327225
784300
2501113
2810490
328075
676700
337727
112094
2960
2429
2319
3409
109
2743
2949
2715
7732
4767
8003
993
8316
221
3256
3800
2076
9208
7654
3176
9976
654
9367
555
1428
4200
805
5759
174
5541
9238
8560
2469
7617
5991
1970
1490
2266
3857
7652
6468
8601
1216
4317
3598
224
1448
7332
795
2029
8278
3157
2979
9269
7033
2232
1392
4406
1361
4905
9980
2372
4787
4817
1227
7823
9320
7072
8878
5668
8776
134
9579
8753
3418
5743
483
4584
5326
7361
6927
3615
8636
9043
4101
4760
4522
1858
804
6702
3324
5071
2049
1106
4047
5686
2654
7563
3303
7154
1102
9487
2218
977
6871
172
6002
121
1684
4745
5682
3636
3734
8210
9087
294
5154
5523
2391
1886
6421
4415
4135
2464
6112
866
1027
7388
893
7079
754
2361
6924
9609
6240
3609
3687
2648
8484
9603
7049
8327
4459
6216
9384
131
4274
3522
613
3270
235
7359
5175
9361
9368
18
8373
6814
298
1371
9192
8472
1824
6877
4366
2221
208
1650
6534
8701
6210
8583
6914
1412
1051
9781
6409
4194
7148
5926
1734
6021
4176
8629
7327
8432
9913
278
6105
693
3403
2099
2010
7707
5539
5954
9596
5867
3567
5320
1651
7741
3031
2234
3355
2186
1213
9015
104
6821
9813
5912
6507
7614
5839
4981
7593
8514
2017
5416
8865
3003
3882
3367
5026
8219
2893
9899
258
6344
6913
7528
1269
1606
8727
4153
4707
9242
1950
9031
7742
2523
7644
2458
5842
3645
9146
6559
8883
7626
8434
715
1977
5194
5292
8529
2915
7326
1956
1775
4352
9206
5574
2816
8656
89
9261
9996
1048
4262
2515
8901
4496
7689
8144
1021
1841
4028
238
5904
1006
8258
5663
3770
8925
3459
416
4796
9107
5958
1551
415
398
1763
2926
2183
9507
9513
6515
9795
2987
2022
2517
4712
6713
2991
2667
6070
9654
8846
6364
6624
7010
374
2543
536
9248
4205
1068
7076
4448
6220
118
4630
7092
4241
8158
9052
9491
3291
2954
4212
3230
9158
1121
9765
6133
2047
8116
7972
8598
2593
6704
5038
67
372
3246
7799
2025
1386
2443
2651
7678
190
7106
4551
2026
6455
3591
8808
2147
5613
4185
3305
8245
7410
9379
7037
4006
1003
1695
6967
504
2223
380
9389
6
7161
9226
3122
656
4430
8188
4500
775
960
9193
9877
732
1503
9496
5040
9556
6518
4968
2896
9735
7220
3957
1891
6830
7229
4710
5288
6195
2811
8981
3508
8960
7297
8809
9928
6307
3021
5238
7730
4910
9354
6589
8131
6085
7392
4938
2083
8885
5362
1002
8549
8765
4421
572
7134
6444
4709
1155
6790
2512
471
1727
2778
6717
5042
2257
8094
521
2369
9075
6845
588
4780
8741
2339
5118
4126
388
4665
6531
9398
5665
36
4242
7695
6938
4454
7960
3830
7288
1762
191
5977
1715
639
9462
7291
9477
7302
2713
717
5961
682
1295
7959
1274
587
794
1539
339
8200
1377
6316
7771
2334
5250
9717
9927
875
4503
4208
3154
7295
413
47
7191
1797
2576
733
8664
3616
6295
3682
9466
5390
5817
2338
5254
1677
781
5053
7268
7481
3969
1912
954
9662
1439
8341
6735
4756
5359
3015
423
149
6772
9201
9505
2300
5177
2143
7692
2160
6471
9786
3590
5199
4090
9554
7937
4142
8974
1721
308
9965
2733
9546
6103
6217
6535
1874
5988
7511
7536
2514
2042
8255
7145
3564
9005
9551
7829
5915
9636
2233
2051
2365
1061
6314
3768
3985
5819
7034
8130
2403
1004
3712
8114
4129
9376
1944
2599
8162
6564
905
1244
7006
3986
3436
7299
9669
938
6063
2703
3227
2756
1257
6568
997
5643
7367
464
7605
8904
7171
6396
8931
8867
6637
7181
7769
9972
5484
6498
3887
4264
1315
3925
7099
4165
8175
6244
765
9148
8744
8348
9423
2847
2138
6155
3070
1786
7187
856
9223
1540
1065
3932
4703
8471
4460
7749
2442
3060
7796
1031
5814
9598
7647
7456
945
3004
2758
6394
9536
6792
3148
1865
2141
9778
1947
6575
6646
9884
2381
835
1673
1407
764
7320
6895
650
2812
3668
8499
2783
7706
1194
1609
5605
7994
4783
4027
7111
1145
8589
4125
8653
6642
9544
850
20
3596
1139
1845
5226
8215
1414
1789
4411
7817
4116
854
4203
10
633
3706
3120
7792
1332
9829
9701
4519
9666
9318
731
6064
6918
92
4868
8382
2227
4814
2259
6263
882
7398
1415
2162
1225
9289
2868
5426
5241
9587
30
2182
4708
8992
9308
8366
512
2871
8766
7575
5606
5829
1875
6522
9016
1054
7634
2600
9420
3708
3929
6160
8747
7766
9629
1280
9262
4631
8796
3621
9296
7293
766
1378
8379
1318
6824
4449
2355
7842
6809
9574
9805
5777
1224
90
8071
9731
3694
7342
9341
7337
7855
3716
8691
1811
8463
1157
2636
2273
542
2205
6200
3078
72
9097
2924
1462
3265
1505
8655
6048
9712
1770
7272
4829
2748
1801
7132
6627
7270
5924
9948
4080
4831
1408
5930
1342
5703
3898
6908
2866
4491
1183
669
5719
5706
9626
200
3090
4495
7745
9697
3337
6428
6331
8516
5332
7394
3144
2085
4927
1879
5464
1711
8651
1130
3822
5974
1774
9274
3314
1910
816
7458
9855
3530
9811
5595
9567
5204
1870
3453
6119
9652
3876
6057
8709
8284
3353
2862
8824
7604
4044
5165
1305
6054
3551
4004
8117
6674
6071
6420
3086
236
2769
604
1406
2106
7080
272
8034
8098
5034
3828
1176
7932
2554
6229
8121
8509
4505
4645
1341
5871
7059
2968
2477
958
3720
3223
9110
3127
6594
6166
4677
1202
3228
3250
310
5186
9391
6516
8568
3333
4755
3837
9426
4993
979
3057
7801
4593
9766
2424
3310
4877
1975
1477
7827
1466
32
9746
1422
7331
759
3309
9710
7642
3335
6075
9392
2074
8684
8512
6758
6550
1339
6833
7871
830
494
9209
2537
8610
7024
0
8794
6870
6001
2502
4652
6605
58
422
4744
8313
4520
1358
3781
2759
1653
5107
5414
8949
3435
3264
4327
1127