6927
9071
6528
1627
265
3075
6264
7953
1291
3117
537
767
9117
1986
7720
566
9519
5395
266
1912
9175
7047
7963
7870
6119
9539
4379
8762
7282
2689
6032
6925
3780
7828
8536
3538
7532
6499
3301
1720
3860
9089
7533
1223
9222
9902
6496
405
9558
5713
4948
9437
4655
2549
2609
890
3659
1552
949
9783
7925
1907
8294
2359
7690
9958
137
864
6566
3604
4763
9696
5062
7845
7875
8793
6003
2457
3788
7748
9631
4677
5410
8049
9027
9612
3573
6922
701
3535
2627
3604
308
8296
9763
2005
9302
5904
9311
3882
210
9441
3730
9160
2640
6129
9765
5093
1336
9996
6592
2060
5087
7079
186
8125
1184
9600
4921
2263
3496
3453
7927
8315
5930
5860
1397
3311
2684
190
1703
4161
3527
7483
17
5997
3258
9947
9289
6637
674
441
6449
1196
6116
6856
617
3106
4385
184
9421
387
5726
9402
20
1864
2479
471
4588
1639
3717
4381
9298
3957
1231
1081
7556
8152
1710
2275
1256
7884
2004
9119
9482
5842
9552
4036
985
8854
9381
1973
283
1424
1421
9901
6648
4297
3657
3496
9272
1925
1519
1449
6478
240
460
771
9550
4184
3445
9870
3320
7624
1918
7924
5152
1176
3487
7374
9424
5704
6341
931
5660
8977
8663
6746
5061
5827
6565
6516
1482
5153
6015
1815
8151
5000
755
7779
9765
1431
7336
7377
4547
6953
5124
4783
4652
5959
3242
1160
5414
5204
5386
9042
9096
3008
8454
8369
7875
4159
5436
2367
114
8116
7106
9663
4134
1238
8331
1728
5997
8970
8595
9687
6581
6491
3824
7898
9776
5929
5891
9865
1975
5605
5454
611
5637
2653
7002
8784
8932
3825
2812
6915
1598
5029
4716
7210
8227
10000
6284
809
4485
8645
2119
7976
5164
0
829
6130
1235
5074
4031
6620
7258
5523
9709
591
9687
8647
9265
5555
9037
6884
3261
195
1911
7297
4904
4583
1775
8134
647
6510
8580
3863
5589
407
9579
7636
1801
8471
8861
6405
187
4199
6741
1947
2885
4892
6244
1422
2057
3902
3789
5542
37
7673
2403
7848
9306
5642
6547
9591
559
8698
686
4032
6236
7856
9433
5229
4498
9049
1006
2678
6118
2235
6133
3816
2330
2381
2830
6461
4894
5284
1545
7262
4337
2278
196
8028
2795
6956
5450
8808
1922
2363
851
8310
2778
793
3133
6374
1211
4584
5712
8474
6743
3530
5559
224
4894
7505
6743
4505
1147
577
7174
9056
9816
5617
3747
3144
9696
2827
8427
3023
2932
9334
6922
9801
6712
7668
3503
5658
7364
385
2302
9677
3276
4267
4028
3569
1008
670
1118
3244
9311
1784
4347
1377
2479
7397
9966
3327
444
7137
252
9940
6523
5009
7640
6625
2518
4806
9368
1674
9760
6256
840
638
6198
9422
600
2045
4696
1839
4137
617
625
481
602
1996
6705
2991
5591
2141
8632
9691
7082
7009
4960
7479
8447
3128
4964
2558
7266
6040
6023
1233
9072
6742
1589
9483
6789
6954
501
442
6150
8212
1755
9220
7261
3886
5364
1539
235
4961
5911
2912
9521
4506
3177
4142
1417
9074
8644
117
69
9362
7670
4567
7217
7089
6800
1339
9258
5117
8133
1143
745
4464
2920
3952
794
1631
2273
4401
9068
3870
1057
5362
7649
7589
2728
1118
454
3590
9068
1421
6041
4487
7650
7903
5963
9224
5287
5679
1338
5838
7181
1612
7383
82
6268
4447
6169
1299
889
3728
6112
1866
4455
7482
4914
2374
5126
8897
3619
6165
5714
67
687
2298
2994
2123
5808
1823
5317
984
4613
5090
6616
8675
3674
3128
293
8233
61
1875
2060
8022
3612
7021
3086
8368
9588
2730
2324
8546
1000
4628
9039
9828
1052
524
7776
1892
9703
3694
5700
5156
9814
4502
7387
4586
5858
6346
3694
4181
3846
6082
6982
0
5027
3075
6186
6017
963
5148
7567
5216
265
3744
7267
5715
7461
4095
7999
9107
7673
7823
1698
6136
6024
9915
4464
9401
6382
3922
6851
3539
1499
8320
9366
2793
981
6349
3193
8858
7451
3783
4481
3453
5867
3979
9861
9897
7029
3967
6509
5426
6458
2634
7163
1595
7186
2832
1622
9042
3297
9567
3132
6464
1965
2859
6636
2601
3897
121
4197
2076
7958
3490
4817
4807
7001
9562
2237
8861
2288
3059
1704
2571
3895
1255
3817
2925
7287
1589
9956
274
1894
4144
6162
4241
8545
9021
6334
7562
5233
4117
5566
4210
8776
3035
9379
1104
2074
1836
4298
413
9840
6149
2216
4469
9673
895
238
7873
6068
7242
2980
5854
3986
1898
8706
1749
841
5502
2896
5180
8804
2278
6297
2632
9544
120
5843
5498
9184
5941
1811
9963
1324
8927
1565
4757
191
3298
6388
5267
2013
5549
6217
4907
8568
2117
8692
1549
8936
9160
4716
6162
6479
5232
5522
4785
7320
1966
5377
347
3540
575
4184
6144
7790
3631
1217
9880
3490
9338
6293
1296
1846
4862
8575
9765
4922
2796
6648
5141
6001
865
930
4806
2553
5279
9806
7762
7188
2763
4906
8147
3614
6615
2543
4375
3624
939
871
2753
8396
9756
8009
5171
9168
4075
5067
4433
4830
4480
9139
1878
6271
7928
4734
1338
79
8163
3786
124
3222
8402
2988
9729
3964
3374
5094
2134
3345
1100
9725
5603
5338
9965
4714
4628
2010
1028
2497
4271
8816
5934
7243
6868
6848
2415
7519
5805
6972
8251
7225
8989
9357
4061
7024
1187
8142
5300
9092
1787
1142
6536
973
2474
8515
6083
6825
2906
9909
2434
828
254
6868
3987
4768
5498
9238
3040
6918
6769
5065
3499
2656
2932
3924
3778
4563
2207
1867
2544
2788
2179
7171
7962
8316
8007
1455
3174
1454
8649
4009
7528
2296
7580
4335
5521
8800
2081
2335
4233
9136
179
5388
7060
3782
4121
3061
2712
227
6025
642
6277
7044
5294
1792
445
4311
904
3942
9420
6987
9992
836
6030
7504
8047
5029
5214
3148
9386
1672
4805
6872
1239
9860
4337
3805
87
4109
614
2973
7340
2911
5206
1620
4052
4371
3280
1735
8898
4994
2822
7069
1699
2282
8267
310
938
1477
7482
8581
5711
2545
1350
4746
317
6191
4165
5785
8358
5359
5199
5155
2452
8084
8632
8523
3493
2960
9088
4985
9624
7356
3480
3870
2607
7714
5779
3258
7273
1581
4576
9351
2613
284
2979
5507
293
5863
4126
4211
1252
7206
6411
5007
8341
8826
8800
4466
53
1453
5923
8291
3486
4492
5585
6881
3326
9152
5401
9854
8021
6235
2449
9953
9570
1169
8762
7702
2751
3798
3510
1906
9702
1234
4569
1197
7016
4499
1531
6454
3030
9883
4050
6487
5970
2405
2242
5776
4499
9467
741
7755
351
6999
4913
7354
4919
1531
9314
3118
3066
2438
7862
2377
7807
7084
2986
1432
1174
3156
9500
1414
5519
6229
831
5662
1191
546
6129
6423
7099
1799
5755
1855
3647
8684
1681
396
346
3632
7717
6610
5166
1681
4197
2150
9877
1027
4310
3050
6941
5064
7709
5311
450
6069
5931
9025
5595
8245
5286
3788
9682
731
4337
3476
421
7109
1554
5293
8912
4101
4134
1215
9837
7250
6749
3522
2329
3385
5720
3163
9589
7415
2351
9846
4539
8363
8781
1661
4126
9693
8056
7710
3963
6360
8523
9535
251
4843
6026
9544
1728
5894
1807
5836
4637
7813
4940
7035
4843
4691
896
9575
1642
9896
7545
2375
4411
9255
3456
5306
5419
2414
9074
2653
9640
5476
1451
8573
9093
3052
9947
3067
7660
7191
7778
1229
178
7193
4857
7236
4503
4374
1064
4558
6338
5598
4683
9425
670
2788
3796
1549
4766
4002
2592
9172
1783
9733
2671
8486
8370
7397
9559
7091
2743
2906
5763
1277
2919
5557
9220
5661
4776
6988
6730
7599
2189
4322
5887
175
6547
1285
9022
983
2478
6649
1065
8246
6135
5021
8323
1875
2999
4514
5496
4300
9420
4393
1458
8828
9112
348
1644
6513
400
2620
4985
711
8430
5889
1482
861
3538
4196
348
3923
3887
782
1995
6536
1732
6850
8327
9790
6256
4796
7387
9083
7293
8085
6633
3530
7016
2428
8773
2021
7654
9595
5435
2085
5282
9204
7909
9206
8669
9048
7184
8935
1713
1912
1536
9904
7458
8052
6957
6618
9359
9546
9619
102
9607
2529
8076
41
6170
2947
6076
8198
3105
2865
8319
3255
72
8477
7086
7656
6462
1178
3901
4102
2481
9085
7057
6490
1764
6103
4791
1517
3182
8801
9237
3042
2601
9961
3757
9975
6161
8004
1846
8477
1000
1557
9264
5100
5815
6598
3623
9194
3286
6463
4760
2901
5612
2935
581
4825
8383
505
8262
9786
7894
9156
4854
3273
2468
4507
5734
1798
8272
5666
7367
4829
2726
7714
6556
5598
3059
2545
828
5291
4282
818
9362
4291
2665
2737
7829
5648
3961
3300
2377
2715
694
4752
4518
3758
5029
1316
2957
3109
398
4039
400
7812
5365
9393
2265
7882
4873
2898
8382
3436
599
6204
5820
1055
1682
3447
2762
4381
7451
2648
9392
2748
7994
1742
8894
2017
1438
7975
1168
4588
2345
286
7049
5385
768
5097
2107
4278
3938
5649
3056
3021
5258
2111
5596
1427
7192
6922
5840
4619
8024
9220
1985
1181
6843
8010
3617
50
3935
2815
5946
2909
7886
8518
4053
5625
6171
4610
4413
1736
7999
1512
2243
4560
6092
8901
7748
8127
5271
3963
2539
4533
2297
4948
1374
5113
2550
7533
1519
1147
7145
9837
5759
9843
8084
3628
8208
6318
3558
7532
8662
3746
1794
8880
3851
7381
6753
8615
7985
9485
1175
2461
5888
3816
1174
7026
1001
2633
6865
4902
211
5320
8341
5568
7954
4874
821
5545
9581
9389
5942
8292
3880
6483
4318
5268
6968
5645
3716
6273
3431
7237
9793
7105
7556
2811
2447
8179
403
2700
6359
5379
4268
2317
7003
9961
9291
8426
2991
6958
7786
9621
8913
1593
8995
7775
1971
1899
1858
9752
8082
4055
3185
4049
5144
5005
9516
4662
1542
2016
990
9640
8470
2571
419
7147
7174
4553
4715
8044
7669
9838
9446
6907
7946
4892
9195
1780
5893
6029
7793
5791
7017
9596
5842
5583
1636
2391
8081
9196
799
3481
9506
5187
8316
4766
7259
6284
5063
4458
1680
1583
1449
3787
1809
5480
6891
2234
2115
7031
6261
9316
125
7801
1828
271
7089
773
7564
9216
6803
2422
2062
5935
5016
4433
7619
9631
300
388
9278
5803
5473
5333
9109
2744
5190
4285
3805
2712
7707
9670
8854
1845
3129
2079
1753
9264
8908
5093
973
2034
4609
2058
1773
2950
8412
1268
3245
8620
266
2843
3914
7750
8935
2126
5497
1382
7046
4028
3171
1049
2801
6868
1164
7706
2287
8443
7273
3882
2389
5220
9805
929
3626
9857
8339
6944
4006
4145
6898
9461
9189
2556
8752
1823
1079
8831
2559
8763
6585
2555
4186
4498
5268
3940
1879
1804
5503
4862
3863
8229
3431
61
3727
3172
5998
2678
8891
2899
8375
4435
637
2277
5395
6832
6206
409
18
9653
2536
1558
6146
4128
8558
7281
5544
4329
4318
8083
5286
930
1403
2043
2697
8898
3835
5022
2671
2263
467
98
9582
6039
6081
6932
8184
6990
3491
8443
3135
8000
6918
6645
6399
1309
3122
5307
9126
2134
6433
7814
9484
9903
8248
3067
7982
7226
1668
5533
7147
4568
9311
2044
7344
1926
8768
9552
3412
8793
2485
4684
7980
1197
5131
9032
3679
920
7856
7228
1790
2048
9730
8466
5379
7599
2343
1761
2230
1880
7312
7972
3174
6014
5658
4358
8942
1661
8828
5585
5106
5887
6657
9411
3806
4384
5553
3709
3499
1187
7934
4494
6774
6271
1067
7941
4918
6429
6345
8078
5707
2505
5438
3802
1487
5689
8220
6909
7630
2173
3814
958
9701
3108
1117
2514
1202
1204
1587
6884
7177
2392
2472
4398
4336
113
1434
5315
1095
6400
5115
6443
4207
4523
2493
7792
4172
9367
8545
5843
5641
6163
6348
1902
2475
3821
3453
4487
4671
6167
719
8840
125
1231
4796
5972
1614
707
4654
4753
6621
8596
6380
7121
4458
1929
576
759
8837
6495
9130
3223
3315
4820
6408
8832
586
5965
9723
2367
5860
2532
2628
8799
7624
1041
4659
6539
4809
9433
8668
5410
4363
4763
7008
1892
3159
6470
2245
1833
2331
7203
5932
4064
7052
7684
7736
6603
8403
5969
6615
3117
5957
2174
6014
4204
140
1063
426
2442
2199
1987
8657
2248
7428
3459
9221
8202
5431
8678
2902
6676
7602
2872
1360
6960
8997
4078
604
1866
1860
4384
1412
4701
9759
606
3626
5306
5765
8756
1603
6045
7463
4265
4039
2282
1886
4737
3572
3804
690
3936
6991
8188
6173
8416
9969
159
6113
9211
4372
1674
5615
8187
2142
1491
1649
2467
6918
4654
1738
681
2464
5354
5714
2348
2890
3609
8343
7358
4494
845
310
7295
1790
5248
7291
8768
8721
3244
9140
8847
5975
5362
6077
6419
7766
6861
93
8148
5181
8617
5965
9475
8812
8968
886
2359
437
9975
9174
1053
4651
4043
9574
17
8112
9566
6671
3606
2681
7760
3564
1069
8160
6957
8937
9383
8623
4805
4763
235
2074
6317
2779
6436
3025
6548
1560
7584
9829
8308
2973
1373
3585
3793
2443
3158
9900
2163
26
5736
371
7393
8311
8113
4066
4031
625
4751
9807
4346
9747
4896
2947
84
4212
9488
4348
3244
2204
3291
110
1028
3015
8925
6257
3410
7793
5813
3106
4706
9693
9401
4088
6613
6029
7938
6509
6533
1702
5100
987
9550
2604
664
7174
4059
1894
8029
6524
6727
5524
5193
4907
8820
3650
4732
4841
1422
3571
1280
6219
8945
4554
1267
5434
8176
2765
4485
4491
6646
6758
3858
5570
6970
2324
9090
9104
442
4804
2779
1509
4651
2315
3747
1212
4126
5554
6543
1358
6900
2372
1680
1504
5009
4492
3224
6782
5998
6739
7671
7624
223
4296
6406
5160
3462
4414
9186
8211
9081
5881
4062
7170
2614
4895
7982
4391
8116
9645
3151
2772
402
4629
6887
1864
8792
1687
1687
319
552
1331
4350
5616
6787
5764
2909
4382
2439
775
7746
4582
5139
3636
3337
971
823
7305
2933
6275
2020
9634
9865
1670
8035
6677
2758
6946
56
7085
9340
1893
3635
269
2439
1482
555
6323
5678
7117
7034
1134
5032
926
6069
3040
386
1427
3094
8268
3842
6251
5260
7855
8093
5485
5171
5876
6935
4364
9147
8058
2727
6156
9786
990
1648
2657
834
5230
3513
5452
9829
380
3859
9568
8937
9323
8740
6474
1911
7185
2207
1045
2210
3570
8893
5291
213
666
7147
3204
5426
4902
8041
8909
3081
9528
710
3263
3776
7578
4063
2769
2033
2764
6652
7104
8084
4230
9545
4055
2696
3583
315
7124
6378
8171
6218
6269
8752
9890
7770
866
4245
3817
5238
1644
4006
4111
4519
5924
9533
6844
8480
6397
270
9357
6987
3198
2122
3531
4596
1303
5667
5781
8759
3606
4175
7860
9301
740
7878
4779
5724
1364
7469
2948
6286
2951
8378
1983
1480
2144
1425
8467
237
9196
5002
9673
2784
1238
4520
4619
9
2752
4601
4910
1481
5928
9754
4218
4971
2046
611
8260
5309
5338
4759
481
1997
6469
2595
9631
7166
8830
1735
1249
5454
4060
1432
803
6468
6483
8030
2062
6269
4506
8741
9358
1533
8538
5083
1144
6382
4079
9081
7711
725
7573
4094
6181
4643
483
536
7043
8297
6492
9748
2904
6352
3905
2468
3339
1671
3828
470
5793
2196
5646
4117
7432
8504
7919
6174
7096
4459
2481
1185
5529
2335
147
6353
279
9008
9600
4767
2249
1121
8231
6160
8978
9955
2710
8943
6242
7187
3847
8402
9242
320
916
3210
3502
5916
9744
8431
1792
2254
3594
2197
5572
3837
8836
2834
9612
4919
514
6251
5728
9065
7211
1148
7890
8791
7121
7264
2575
9526
9897
7922
5886
6600
2184
8484
194
8760
2643
4176
3179
8270
4731
7357
6125
6317
7495
3636
4839
54
6481
2296
221
9487
3073
5303
8664
9885
157
8597
3995
4303
3492
8932
2326
6123
8920
7780
3235
9077
7562
1824
8296
8212
6832
4924
6439
474
5615
2261
3695
8564
1095
2911
7836
1516
7540
857
674
6267
4926
6524
2587
4465
2338
2827
4677
8251
2970
5578
6685
2189
6578
8013
9576
7610
6585
7947
2855
9889
8885
7759
5819
4443
527
5868
723
9086
8018
4213
9828
1777
5274
5958
2752
8376
6585
1341
7318
9410
3509
1505
7806
8214
8891
5566
7186
8982
9376
9602
7934
9565
6078
5802
2406
9461
6637
6136
2365
2153
957
8205
9431
6498
2385
8991
124
7891
1395
9098
9582
3755
7957
7159
1269
4682
2213
9988
6996
1228
1641
8401
4423
6717
3775
9878
4636
826
516
8400
1833
8243
9821
8120
1026
2212
7114
3523
3225
8952
527
3663
6653
7477
7094
5372
398
1620
7376
6052
5635
9902
4075
2122
7300
4891
5509
7737
9246
7233
560
5211
5582
84
6359
7326
2965
526
3672
9323
7163
1687
712
5027
497
8939
1110
5920
9144
5094
708
2901
8408
1667
7764
3590
8739
3298
7540
5673
9069
3483
7148
3191
14
2706
6201
4690
11
7479
4229
9130
865
9925
7053
1073
5962
9348
8617
3475
4888
9046
7512
227
2570
3049
7046
3170
1876
5931
8505
9844
3202
6346
3552
5766
1780
4743
5184
5560
3372
9417
7822
2821
8734
3354
9389
9384
9590
2613
1193
65
4059
9347
4328
2856
3445
1089
6987
1246
9615
5956
145
7769
4636
6924
3487
3784
2201
8840
9573
1324
6301
5417
553
7718
6549
5138
5744
925
7313
2131
663
9065
977
4077
2839
9968
5306
4071
8456
944
1974
8171
4593
4029
2465
2783
4848
8290
5754
1805
7189
6377
1610
5168
8422
6736
8346
4409
8279
7547
6
8717
5628
3497
4797
1591
5529
3729
9513
3595
4994
1522
4342
5319
7850
426
5119
1486
6928
9060
5932
5321
1116
885
7202
3056
6083
5780
3394
9308
3704
9975
4255
7572
2798
8782
6998
6137
1738
1915
9824
5241
7049
5652
5632
7424
4131
288
6113
1277
2442
9364
5904
4873
8792
5997
3537
3643
6567
5539
8789
1443
278
2890
8497
9703
1549
5813
7375
9924
798
727
7841
6477
3625
9254
8040
9202
1125
2345
1528
995
3248
3479
1280
6405
3160
7455
5115
2097
8605
592
852
230
5977
2500
9401
2190
5013
3040
305
9448
1852
1416
235
7803
7046
6480
3736
4503
9720
1667
163
6397
4185
378
8469
3020
3985
3081
3251
4560
2684
6913
9687
2699
7794
9886
7390
1638
8161
5977
4134
6474
2524
6692
458
4563
4236
5604
6901
572
3427
8451
6035
448
3373
2198
950
2959
9640
4615
6582
7743
7399
475
4783
6811
6147
8330
2283
565
8892
4227
2948
7295
9278
6427
8456
6672
9219
5950
3260
9034
4539
9414
5160
602
8966
4873
5838
9919
8027
9014
9110
5600
4288
1913
2023
2723
9317
1383
6554
1275
4498
9322
3664
364
5487
4718
7788
9226
1618
3354
2458
414
7133
5732
1598
7643
9982
7266
4205
2933
2061
2034
9268
9613
135
607
8199
958
7245
8557
9107
8179
1473
6290
9461
2165
8442
7890
5883
5436
1809
7109
3746
694
5356
7768
3643
3141
6935
7278
8689
2516
1958
93
7976
1301
7483
2657
7028
3150
7486
7888
505
4154
2054
6181
9089
4036
9475
2565
1629
2564
1465
1821
207
2158
4959
2412
6738
8979
7703
1049
6422
8357
8177
9468
2361
9551
4976
1147
1497
844
7973
8104
6336
8696
7788
8769
2834
4285
2167
8244
9165
8468
1950
4722
499
4052
8286
2625
1088
6601
7830
8123
2778
7380
3655
2321
6181
1755
1635
1058
4893
6577
5721
4039
8386
6932
6955
5459
5733
9474
3299
7288
5227
7455
1505
3791
5983
5239
878
9544
8294
5758
2825
7407
7246
7964
8301
3426
2314
9606
7292
4077
1150
8493
7554
5433
9832
8068
5243
6725
274
1260
6628
1028
9588
32
4316
6327
3145
3938
9579
3895
9820
632
3919
241
3842
6427
2655
2954
9621
5309
4811
5039
2729
4865
5405
9447
1154
2733
5049
4775
1016
1189
8537
3552
5478
6332
488
4685
6968
9868
4931
2365
4391
6590
4857
3717
6939
3669
324
4599
6182
2707
1768
3347
565
2513
7697
7226
7458
5220
7719
3368
5875
9207
2629
2745
747
7428
56
5989
735
8469
1043
7435
3156
5546
2489
6450
9461
8334
4768
300
4344
2767
7605
9948
8907
6337
5520
9573
2018
4172
4651
4953
2634
615
4791
5135
4422
6176
6036
8783
3567
1900
6397
4021
219
8943
1644
4662
3346
8725
7755
719
5345
159
3118
6413
2971
899
6179
9420
3331
3030
6175
7400
8007
6719
1053
1190
705
9495
8762
9693
1320
1340
5157
6724
8989
3979
9820
6554
1296
412
6928
7544
3042
9102
4673
50
9719
8733
7536
1694
4900
3196
917
7464
1015
1401
6978
8853
4242
9679
9366
8795
8742
67
9393
7696
3260
2404
9319
1858
7832
4971
9722
9635
9887
557
2005
7758
6053
6298
9643
5139
4044
9848
2716
4741
6959
3906
4012
7693
5059
7048
4623
7179
1704
8472
5603
4429
3440
2859
2931
338
8070
2481
935
9561
4534
156
3493
1649
1539
5603
9781
9833
1957
1504
1083
5438
5873
3860
5180
5299
8472
7624
1888
1418
3188
8257
2708
9242
6158
3472
9013
2406
7041
443
3770
3265
3682
4643
777
9107
7224
342
2944
4627
6377
7986
9959
1263
5755
6131
3430
9110
3438
9648
3498
4515
5234
9784
9982
1596
4246
8779
1522
4267
7700
2060
4792
9898
3466
9698
3498
8758
3096
6032
7709
5930
272
5594
5761
8253
7659
4644
8638
8230
5286
1304
7597
3708
7808
4179
8017
7345
8789
6903
1934
536
9866
7157
3873
1296
7059
430
7052
5896
8818
2250
6069
634
2693
3820
4206
2456
9503
37
4025
2374
2892
2354
328
5715
4263
562
3041
3657
1213
9759
4670
5353
987
8031
7327
1840
4488
9430
3715
2322
2699
6398
4455
7777
3787
8433
3414
327
5244
9907
3630
2672
6888
4777
2635
4900
9782
6402
4557
2772
4656
7997
3054
5403
666
6321
5646
9092
6927
4111
3209
6990
732
4908
678
768
8615
6586
5543
7438
7748
2373
8667
5742
8707
9166
795
9535
7245
1598
1702
3591
9206
9437
7375
5533
3416
807
2438
5460
8617
7110
1437
2424
7401
4308
7386
839
45
6106
7096
8079
4542
5993
5473
8787
8256
1796
293
3557
9502
9354
9551
1731
5727
5222
1876
1172
9905
1717
3048
2933
7635
4087
1877
3311
8145
2729
1075
4157
9985
3089
5351
8888
2738
9136
8323
7968
2814
4645
7800
6797
7468
8082
4638
2017
5156
4658
2838
9662
6729
6278
3275
758
3275
2871
888
1694
4044
8566
495
238
8366
3353
5917
1527
7661
868
4829
3562
9451
2106
4583
7093
4903
4973
9114
8420
7781
346
7226
4575
9572
2279
8479
1572
3267
8611
6625
9874
9847
3161
993
3502
1388
7502
1744
3181
4071
2352
6583
8709
3398
7236
1361
9850
5503
8278
1293
8676
4906
7489
2938
9492
4507
4610
2513
2942
6153
1577
189
8266
6900
1016
935
5282
3367
2999
1787
4550
2197
9763
6660
2550
475
4426
3517
264
163
4535
4074
5025
3672
7819
5566
6163
730
8453
4131
1419
261
9679
7449
7488
8267
5719
6668
8333
7278
988
2602
3885
3147
2441
7596
234
122
9659
8714
9895
4624
7279
8209
5677
8852
7068
148
311
4355
317
6889
3697
8897
5222
7195
1910
5595
9357
8002
7733
8375
5038
715
4180
2203
9988
5545
2988
3840
167
8767
1223
7213
4635
5394
2148
9320
166
8238
7426
4432
1276
6501
8011
1781
3239
8652
4667
7562
3685
7999
2407
6903
2402
7240
278
4818
1130
511
4433
259
4705
2849
363
9270
3441
6470
3708
5683
8436
7101
553
3313
6597
5709
9593
3946
9068
5846
8611
2907
8786
3619
7437
1506
8192
8534
6777
8849
1729
6427
6598
4800
3567
8847
6310
1929
3673
5426
7148
7707
3398
3011
1546
3687
6269
7058
9992
8255
7198
7166
5105
4982
5308
7379
3543
5760
7849
9947
9703
669
8632
8061
6504
4629
8608
509
8233
3706
2736
4352
3229
4700
1144
8776
851
1274
4618
4045
8764
6286
6905
4853
1910
6020
3715
907
9023
9763
9999
1071
6516
7939
1128
9960
5158
302
5114
2956
7453
4479
5321
1995
2057
2100
1509
6885
246
8285
4152
3954
2580
2589
1023
6881
9129
8592
8652
6367
7300
9458
9520
3678
8172
4480
2296
946
2917
506
3204
84
3937
3916
9112
834
6303
1459
3029
3717
6162
6027
2137
1079
1618
7434
7149
1269
9897
4477
6294
4148
9317
7231
9134
2378
1855
2798
6863
5036
133
2384
7044
7524
3907
3734
6008
3073
1467
7371
5512
8867
1633
9829
9056
4420
3385
359
6806
3686
9232
1290
1247
8628
655
6798
562
4733
8911
5757
8657
3680
5727
2693
8324
623
859
6926
1800
9512
3000
4918
5195
913
6874
857
6261
1258
5543
5246
2757
399
1644
3344
8968
6779
9639
9355
3629
4429
3356
8213
4038
1189
1918
4025
5740
839
7621
5184
6784
2855
1703
6406
7467
8116
6491
4479
7679
6937
6512
8078
438
7321
2458
9222
3635
3580
6523
8517
2106
666
9891
9798
8144
4023
4162
9468
9578
2855
3747
8346
1141
6933
4676
8013
4358
7581
7535
5880
2862
7554
6420
127
2098
5402
7188
7438
6815
6279
4833
8735
6627
4608
4453
6153
2673
4309
9259
9077
5871
6353
4629
8284
1951
4817
6704
1325
8235
7156
8798
2334
1618
81
1453
5440
6970
2102
4437
2429
5126
5622
7415
2321
2722
6714
6880
7224
2077
2170
6154
9364
9802
5027
5891
2593
2795
9208
2330
7154
706
2875
2298
1189
9903
1754
8216
8175
7476
2690
1459
5547
117
5174
4536
20
1581
2856
9897
2354
4309
2828
8067
957
5414
6175
2582
579
156
1158
6351
4712
9484
6740
600
355
2860
1801
3411
5970
2663
8449
6777
425
9916
2969
9907
8376
5821
1795
1871
9004
5284
6973
4522
355
3302
7682
250
3160
4949
7312
4742
3095
3789
2160
5552
8290
4615
8203
3453
2638
4195
4685
1686
9998
9150
3791
9809
1878
7104
4377
1366
8188
6483
6682
2315
9979
1302
2398
2042
2531
9994
6456
7998
6745
5055
7834
1619
4179
6151
9389
7656
9382
9865
9803
4002
601
7433
6605
901
9931
8334
1895
9289
7874
3523
3546
3702
3955
5198
5647
2223
6823
9099
4
2710
541
5394
3890
7833
3963
3172
5920
6377
6754
8187
8643
2139
1586
9954
2504
3757
9665
291
4569
9335
2615
8873
2712
7004
7318
2825
4246
2493
4317
3720
5243
5221
4351
3386
954
719
2038
3477
4015
9344
7730
3547
1875
4748
2463
440
5905
2941
5878
4368
4825
627
1510
580
7428
250
8598
4371
9470
2580
7367
5750
2984
1911
8987
8573
3394
3764
3015
8642
9560
3493
6164
6204
4669
1105
2743
617
3892
8687
5536
4653
4784
7748
8348
1335
8563
6026
7565
227
4717
7996
546
531
8829
4145
4983
4331
7463
8323
3249
3333
2027
4650
5840
3774
9135
2661
6201
9396
2557
2252
9534
8006
5544
6086
7633
2844
3568
7205
7281
2915
9555
3153
7711
7188
7014
4742
4336
7812
5120
130
9704
3774
9344
8538
2425
3004
3620
3802
3715
8203
8184
8732
408
6313
7529
3793
4532
9494
7187
3597
5031
894
176
4429
7027
9946
9826
3549
1540
3280
125
4559
1670
8387
6802
4204
9255
5779
5288
1318
7528
7470
5986
9307
216
1890
6259
5438
829
2006
8310
8604
4027
2308
6575
9062
7429
5359
5313
5138
9161
7643
3949
9077
2615
4165
7340
9025
6771
6564
5430
9910
7721
1574
4916
2324
5694
2103
8102
5699
7824
3528
5220
9608
5335
7550
5902
2336
4300
9897
8534
5902
7594
4032
7729
1121
9536
6713
5787
4888
4328
2434
1030
4082
9014
991
8883
6333
1697
1892
4486
862
3657
9684
5864
9118
7811
5074
1727
6510
344
3625
5221
3630
7787
110
3606
5028
5115
1327
6641
759
22
4234
6837
4519
5846
8423
5644
3459
8805
7677
8844
6386
448
5756
5193
5412
2031
9526
967
4566
8910
2436
1134
4599
5206
5904
5853
4017
7171
7169
4799
2272
1725
3535
8232
8344
9640
2876
9615
1068
4434
4667
5572
259
406
3276
5481
643
9137
7840
2011
1265
7860
2158
5072
1467
6958
8230
1907
2445
5774
7777
2860
6351
9298
499
8376
9616
7113
1819
9808
2540
4139
8492
6275
5225
8184
2002
9752
5450
2147
3083
6866
9353
473
6601
5419
5470
3086
85
1032
5142
604
2444
362
9429
1000
6418
5813
7425
5703
4325
2984
5712
6876
1607
6516
5899
4676
631
6101
6511
1044
7696
4243
9047
2309
9407
5851
2305
1021
1246
8317
4496
8961
6464
1545
1711
3604
564
6505
2394
3643
1776
8533
2304
1600
7007
2876
6249
1467
632
8414
499
8596
2793
2700
7726
5854
3223
5011
7757
9302
6240
1556
660
1837
2882
2756
1503
8054
8023
8732
3580
2140
1486
9469
4604
7915
3898
6438
5834
554
8229
2566
6967
8095
2871
1551
9089
4791
6306
2480
3814
8670
9359
2491
9072
7354
7240
5461
9910
8926
1044
2103
9773
2868
585
1459
9637
7389
6598
883
1244
2395
893
8128
5704
457
4296
424
2228
8100
4812
1381
6301
8148
6043
7967
5826
9336
5512
1933
4869
9533
1286
75
5422
8163
1537
5113
9396
6662
9314
9132
93
8181
6780
5172
8713
8811
7171
8063
5172
6361
7326
7276
8588
2489
257
4602
1810
598
225
7891
2126
8860
143
1550
6794
4794
4545
741
910
249
7602
5425
6586
8659
8003
8512
1540
9035
5100
3410
5965
9256
2067
7208
5423
7758
5610
7964
9478
5550
7597
7847
3363
133
1811
4183
6071
8979
505
6036
560
6251
3694
7825
5819
2135
2915
2771
6021
8823
1101
2943
5227
9804
4467
9027
680
1824
8606
1661
379
2958
4327
247
7892
7259
5039
5766
4170
6011
3016
2355
916
659
2993
2884
6208
2248
2274
8922
5766
5121
8483
4092
5886
3368
9445
7740
131
1129
6596
6350
5743
8085
163
7011
5181
3187
9158
9521
1788
4056
8122
8971
5333
2571
8090
8369
6810
7143
8566
8817
1415
177
4459
9468
2570
3362
2340
184
3827
5611
5078
6886
5362
7749
7363
3736
4430
2479
8519
8399
2553
7831
2246
4418
732
2405
3565
6479
6067
1414
4307
530
8056
1547
2841
5868
1778
3387
7752
5161
1315
7740
6404
2611
4267
4030
137
2620
6280
2401
4691
5295
7802
940
9048
7185
4761
6884
7535
3530
3866
6700
8917
5248
1275
2119
814
1834
9555
997
3951
170
4180
2248
6138
8257
8521
5985
3754
8569
5699
9823
5816
6953
5982
940
4343
7677
9029
3289
7136
7897
4246
7825
4676
5099
5100
1096
3185
8500
3314
5639
7326
1644
1817
59
8025
5215
3351
3409
9763
5863
4656
7939
7144
5830
5184
3837
6455
1352
8779
1888
3797
8885
2072
1374
9143
865
3037
7906
9533
4809
5929
755
7756
7667
8013
7747
9157
5386
220
8953
3192
6209
7868
7375
5485
6808
7775
5424
8663
9415
9494
4086
9791
3302
9965
9652
3422
80
2383
7924
2072
3163
639
8074
1366
6957
4328
7400
884
3676
7804
8630
2741
1020
5872
3605
3954
379
8060
6925
4653
3707
6895
8455
3870
2595
9579
2537
4246
439
7579
1599
3551
3474
8382
9702
3692
5627
5621
1383
1909
7936
9462
3868
7418
4543
1248
3871
3255
4024
1331
4533
8801
1240
9276
3655
8073
7942
4370
2371
9238
2869
5040
730
5833
3502
4411
793
7726
136
9876
5328
1114
6527
1343
5090
5444
7766
4953
2564
2223
3063
710
567
3474
5579
1410
4409
1383
8407
8542
1546
1926
1936
2540
1965
100
677
6057
6849
685
243
2122
4548
6907
7458
9040
7630
765
6646
9100
7976
1929
5223
2714
273
4920
3094
8341
2541
2412
5812
9035
6882
4144
7710
4107
7637
8370
1149
7538
1891
8573
4653
9462
8758
2998
124
9126
1758
1578
4432
6764
1173
4628
2982
2572
2817
1580
320
7746
909
9650
3072
9014
1451
2358
6649
6025
5439
7085
9867
7592
442
6681
6693
2230
7759
4763
8155
9576
5994
4852
2014
4269
1805
7803
6029
9163
732
8765
6260
4684
6364
4820
999
9742
1176
4328
2495
3639
2884
815
2444
6633
1270
4273
5807
5736
3581
5922
9648
5191
3646
523
2618
170
4737
2363
7422
3562
5972
4207
5509
3750
7593
787
2507
5240
1665
9903
5527
2378
5358
6344
7487
5625
1658
326
8539
3729
3241
5227
5779
7776
6123
8780
8788
4527
2098
6430
9928
1238
313
2349
1549
6401
9713
6210
5569
4091
6749
9554
7279
2713
3021
1190
7377
9035
7046
903
5900
6459
3741
5215
5861
4479
8818
1631
5255
4991
2300
3337
3156
8417
5224
6584
1648
9849
6748
6683
3068
2891
2040
9017
5208
2953
6944
3534
2551
258
7110
4058
2284
6554
2632
2536
5965
1613
6538
6301
5633
8451
5114
8621
6181
1189
6241
6304
6882
2868
4672
1358
5224
5356
9026
3239
8255
8977
2273
4028
8388
7650
7222
9000
4367
6244
6163
4950
6716
4576
533
6318
3467
3664
7860
7288
1568
6717
3517
2921
4335
4241
5618
6371
5384
181
8448
4712
2264
6595
8958
5786
1267
4265
596
2635
3521
7976
5140
9504
7934
2795
3965
1368
8073
9058
6738
4368
4431
4743
5335
603
917
8384
4917
7911
1381
5754
9549
6506
2589
601
9651
6740
3474
5226
7480
8681
8495
2086
585
8497
5132
4152
128
2228
4462
9007
292
94
6698
9515
5020
2947
2576
9791
86
9721
4394
108
4099
3537
8575
9524
1628
4098
8808
6562
504
3828
7526
8117
7847
2134
9354
8899
4116
5329
1811
6069
7167
2404
6717
5156
6435
9649
5726
5926
8853
4528
7468
9195
9645
4429
83
4379
1399
9382
2777
939
2320
487
7664
7051
6725
8227
536
6084
8257
1646
5545
6574
4255
2708
4145
5767
4145
4119
3757
6790
712
5960
5718
1320
8399
3751
5216
8156
8604
1071
846
9789
1537
7446
9998
282
2323
5410
2304
3892
1170
1581
6693
1398
8714
169
2492
8369
2315
2280
8850
8956
1917
9071
4813
8740
7852
9607
7630
9279
9336
6763
6265
5916
8141
7591
4423
3165
9138
4090
2476
9795
9826
7873
4118
3682
2403
7340
9096
9301
7241
8690
434
9800
7447
4951
6084
5778
5357
175
9929
6116
2058
5326
6415
4939
278
4777
3458
3612
5551
3955
4188
3879
7519
1645
6851
4606
7503
6362
2050
3358
7260
2538
5136
1939
2977
3040
3013
3651
1322
3902
4526
63
9788
4086
2045
8283
2612
9520
2727
4641
3240
2914
445
394
8256
5162
775
1114
303
9380
5231
2823
938
2342
7940
7419
6081
5959
8410
3942
7
6355
5567
2959
9226
2315
3060
7764
1322
5038
4157
8753
3226
4061
7606
2738
2404
8365
7933
7391
7184
4681
9439
2707
3781
4378
9949
2841
344
7736
9066
5392
5465
1293
8835
8988
1308
5064
4566
5900
5610
5275
2144
6357
734
6952
5741
5875
359
5093
3804
8635
2923
4407
3203
4017
6453
847
2783
5973
6521
9464
1543
3569
4568
8926
6668
8861
1500
3060
6027
3343
7819
7607
7409
3770
5175
3934
2175
8252
6554
2896
1861
2006
7151
2667
3223
2394
2490
2260
3322
5994
7736
2836
3580
5550
6947
3051
6840
1126
9285
1659
3536
6366
5566
9161
4791
7032
5582
3560
9121
4941
4786
5573
3671
6857
7262
4186
1576
1684
3864
1482
9340
8070
7882
2034
9114
1066
7071
7929
5803
1947
7264
9622
3405
8854
3749
1367
662
7139
9155
1699
2595
1408
9117
6464
5587
5741
8746
3880
7277
7901
1979
4373
5389
5159
5732
9791
5361
3769
4539
5730
6739
9970
7054
5652
2377
3137
3254
1279
3690
8715
6308
201
2034
7667
6315
702
1926
262
2679
9119
4716
2771
910
5093
1146
9489
6506
5860
6758
6117
825
7041
6684
796
1476
2227
5103
9511
1184
1193
4794
4810
2213
7885
2924
7128
8623
4982
5290
2898
8811
1427
8160
2880
4158
8306
4435
7051
4172
5455
98
3172
3790
1448
2947
8301
5288
2199
4800
3133
4552
7620
5942
7225
2406
9612
2086
1862
8136
7288
3617
5402
5290
565
4101
3867
988
7890
6789
1543
1135
2052
5000
1667
9662
7818
8452
5332
7357
8145
706
6957
9291
4855
9530
8761
7118
3212
3189
1921
9298
3676
4792
2204
5910
5451
6785
2846
4639
136
3278
8606
7279
616
4729
6545
2233
4088
4172
3937
6490
5521
9121
5737
7362
6908
8038
2921
283
5371
6091
9279
5861
8217
5384
1523
4431
269
8659
3030
3807
957
6569
7885
8460
9623
2211
7253
3031
2116
3061
877
2385
8357
7842
5206
6986
7252
3509
5757
4974
6325
1806
2005
3521
1031
2069
527
8168
2671
8906
4346
6121
5701
9658
8166
749
1276
9086
1463
1190
7430
3485
6561
1886
1553
9866
5421
1004
2523
9421
4817
5299
7839
2887
4170
1065
2646
1022
6057
9758
9294
3940
9838
4691
7583
4750
8918
1322
5803
389
8263
6066
2173
2486
6661
1049
6470
9232
7512
8408
2064
3350
884
9914
8068
1532
282
5720
2778
9761
6250
3590
9546
3338
5357
598
9908
2059
4405
1037
94
9403
5874
4384
4627
6773
7509
2373
7401
2246
5398
5914
9680
5525
7328
1790
5914
8713
3001
9349
5029
8334
2855
3582
1476
5216
5255
2813
5929
7964
7314
6070
5449
9232
8928
7917
2190
3054
2696
8186
325
259
3219
3210
2528
7380
1783
165
2366
7171
3080
84
6528
2270
8098
4819
3270
8406
584
9419
985
7594
7865
4348
504
4243
1518
3283
1266
6929
8118
2714
5607
6359
5703
338
6572
8643
7375
5496
1335
4364
4212
6839
8282
8152
3035
867
72
5491
109
6765
305
5087
7796
2153
5740
6359
5916
1598
6488
8853
7936
1549
5291
8954
3326
5946
4423
6195
9752
9461
7446
7954
6735
4909
6946
8842
8008
1117
4665
8531
904
5641
8994
6874
1248
393
3823
4251
7342
4476
3334
7062
9635
8170
7157
5126
996
2939
1561
8309
1234
1044
4
4592
9603
4897
5360
3438
9804
8648
2837
5904
6006
8849
1133
8829
9526
5474
7322
4290
4505
3252
1914
703
3733
9620
2789
1005
2376
2512
7321
3004
8803
5459
2635
3957
5307
6467
4966
2517
7169
2512
6947
8638
6949
5622
2103
6293
9547
2506
3746
8783
372
6933
7334
2107
3446
128
2054
4145
5969
7743
3543
7289
7084
7190
1635
282
8667
9374
6979
5884
9834
5104
4670
6800
8018
2422
8716
7916
6296
9814
5221
3129
9628
3368
1211
1872
5547
9942
4621
6127
9159
8200
8769
4930
5600
8359
8054
8248
5570
4471
8849
8240
7771
6622
6044
4213
6758
7395
6241
8626
2609
7774
6763
158
3599
3327
1758
201
50
8013
1338
898
46
845
5355
1840
5490
8677
3133
5542
1976
2820
2358
4683
7038
9135
2552
1921
4791
5699
4215
787
8688
1325
6783
9604
7216
4946
7025
3605
6079
7929
7539
6287
3694
6708
32
3226
7044
5316
1969
2223
577
1309
3499
6597
3550
9903
5126
4798
7762
5067
8151
1176
9556
9194
5449
8483
563
8850
4014
4859
720
9654
9308
3278
1983
3005
964
4434
7167
4510
3895
8688
176
3536
7696
7216
1316
416
1366
458
6025
5300
1380
2459
2430
4693
745
1078
2743
7987
956
5126
5849
6138
4348
4296
3984
1121
36
5972
280
5353
2083
1876
5226
3048
942
1785
7522
1903
8684
3055
7664
8725
5365
6380
544
4855
5426
9462
8486
3439
3454
1124
386
1942
6371
8745
1312
995
8126
9944
2851
7462
1960
3003
5047
1611
8281
8627
6192
5388
3847
9392
6893
2832
5448
1247
327
6305
2099
9994
9278
8035
3207
2751
8620
2392
3952
8150
7360
9272
5887
1894
4190
5655
5341
1000
2543
8842
3225
2330
6983
8828
1201
7038
8206
4838
2590
1454
5254
242
1893
6291
5734
7359
5518
6803
9490
1383
6759
7439
2771
7756
8873
6107
596
8128
5738
3024
9037
4977
7901
5203
8074
7622
5399
8222
9269
9
4615
6177
1931
4642
7846
8752
1197
1650
1673
9168
5243
1185
7743
9451
7214
3046
6531
1084
4416
6569
258
2317
4769
8744
5111
7781
3221
2624
3554
6777
6400
3277
1442
6531
2307
8154
125
4451
1040
5024
6927
1851
4783
7811
284
2249
7244
6520
4288
8847
5367
5329
3329
3318
4614
3544
4741
7176
4267
2009
1322
4677
9354
2526
4393
3059
6004
5763
1347
5315
10000
4052
6948
306
1131
7965
8643
9749
9529
8227
831
2841
5915
757
1250
9821
49
2379
2794
6362
6120
3065
490
9508
8408
2709
3354
1764
9753
3928
1430
3243
3267
7686
9970
3544
4966
6685
7367
9059
9078
6584
4752
9211
6304
5703
8046
5833
3504
4352
537
3280
3659
9205
3510
8724
1037
131
8799
6936
8791
471
1908
7334
9890
9888
6625
4151
6528
1405
8549
2492
6149
2727
4044
791
6871
4444
3231
1452
3732
2873
4380
3787
1086
2360
378
7068
4623
2407
4954
7015
8674
689
4086
3988
154
3008
1751
120
6847
9584
5946
9923
1768
1586
9464
3634
2808
1887
38
3846
6808
9292
5656
4772
9346
8720
9751
8987
9907
2893
2526
4523
7581
2668
7795
3468
741
4341
9625
2981
2098
4372
4425
201
3741
7648
1344
8807
1017
5109
3406
9412
1897
1928
6681
8231
4945
3838
2218
2794
9981
616
5509
4844
2178
1500
3203
6088
9835
7020
9453
792
6131
536
711
1209
688
8779
5509
8408
149
5000
288
1713
3752
7625
8161
3256
9741
4946
7535
6681
7788
4171
2170
4000
8434
3486
2641
164
3787
3836
9656
2534
5752
7437
4294
3418
7973
1738
8885
2904
1015
700
3928
3269
8547
3414
3809
9951
7110
7577
7069
8942
1545
5548
2262
7510
5200
7359
2149
9759
3263
7352
944
1122
6650
723
3231
8333
9219
5900
8052
2173
9162
5442
2107
9207
4884
7953
2892
1090
9564
3746
1029
9065
415
5058
3915
6711
2029
376
9006
2037
4337
8680
3867
9705
8949
2171
4651
2226
2072
5038
4971
374
3180
6142
6806
4556
9469
5951
6818
3194
451
4726
6983
9380
7845
4946
2301
9787
1284
5204
7825
6762
1620
8930
1140
9657
4849
5551
6146
6864
7423
3635
6158
3000
4087
7727
3279
4749
6806
9716
4766
4082
5390
2312
8027
2256
1199
8687
2407
5942
6826
4371
1394
4103
9572
6451
9218
7930
2638
9453
6741
4486
6510
3908
3625
5491
2275
9414
526
8124
3369
5270
1779
357
5796
8098
8880
6943
5199
6589
2233
8201
1583
4847
4499
252
5996
6934
6237
3228
3867
226
4282
855
9529
8974
872
1294
1242
9078
6649
880
2453
9323
7722
9315
6869
5872
2871
9534
8929
3214
3902
769
3688
6545
2502
7250
8417
3694
1692
6677
8173
9377
3164
7477
5700
8411
5988
3340
2894
9363
2993
1790
7491
3652
3700
7968
8219
1040
8927
8487
4062
7076
9928
4939
3954
9382
9857
2446
6121
1210
5867
7339
4644
6652
5219
9489
8422
5621
7989
3426
4007
1315
9323
5171
4778
2067
1385
1090
410
6164
3666
3547
4049
9629
81
4322
1557
2482
1047
9179
8012
1457
14
670
5323
4254
600
8801
7285
5013
2572
2099
5816
5542
4775
4201
6540
3960
3804
4194
2516
3414
7096
5366
2810
4497
1222
20
8803
4901
1271
7726
8505
8240
4764
8387
7818
9136
8994
1280
6435
1940
1978
7462
82
8352
9676
6463
4250
6260
5977
8700
7939
6265
4161
7495
8533
8567
7455
3366
1721
2637
92
7485
9017
9357
1331
1123
5044
6278
4316
5282
9294
3849
3597
9784
5627
938
7275
9299
7301
3877
1106
5314
3260
9285
2775
1007
7473
8670
5874
6839
495
7072
8727
4627
9476
1388
6911
7835
6096
9077
6201
1283
7548
6690
9696
4055
4742
2532
1084
6481
295
4062
8286
121
7111
6866
7096
6457
2660
3487
4645
1209
5153
5415
1044
5875
1907
9801
4964
4581
4559
401
6062
633
1833
113
1331
6201
7787
7224
9767
3377
5092
3152
4638
4431
8751
3331
1498
1859
2072
5902
6062
953
3297
4898
3603
4465
6786
7451
241
2925
3605
1486
891
9403
2475
9768
3872
5026
2931
5002
5507
2660
9728
6003
6198
3627
7921
5635
1582
720
9078
2024
7017
9337
9428
8760
6554
1833
7025
3551
7577
5411
2560
4111
6427
1863
8521
5507
290
3375
6063
1256
6492
5459
666
954
6861
2444
8910
6500
4292
7537
1486
7940
7971
1425
1102
8731
6393
4497
2691
1894
7492
3150
2631
2234
5448
8024
8638
5788
427
5736
3225
8611
5833
7821
7080
2755
1606
6510
7813
317
5847
3
4557
7003
3047
6711
5900
5005
4918
9429
3169
4650
9218
2459
6747
3831
1974
4188
1797
4229
3086
7125
6961
1522
1702
9505
659
9181
1822
4015
6945
8255
4270
6263
4590
2270
4277
6545
9418
1620
5106
361
4218
7785
2790
7306
3703
9255
8214
2310
4220
6993